IMEI:358240051111110
IMSI:310260000000000
OSVersion:3.10.0+
apiLevel:7.1.1
model:Android SDK built for x86
device:generic_x86
product:sdk_google_phone_x86
2
1626413055887,test,-122.08400000000002,37.421998333333335,5.0,20.0,0.0,-50,true,4,-120,2,100.0,1000.0,0.0,9.887660026550293,-47.745201110839844,-0.0017395393224433064,-1.4894827604293823,-0.0017630524234846234,1013.25,310,260,3,91,0,-1,0.0,0.0,0,0,0,,0
1626413065850,test,-122.08400000000002,37.421998333333335,5.0,20.0,0.0,-50,true,4,-120,2,100.0,1000.0,0.0,9.887660026550293,-47.745201110839844,-0.005780906416475773,-1.4887988567352295,-0.00585953937843442,1013.25,310,260,3,91,0,-1,0.0,0.0,0,0,0,,0
