IMEI:358240051111110
IMSI:310260000000000
OSVersion:3.10.0+
apiLevel:7.1.1
model:Android SDK built for x86_64
device:generic_x86_64
product:sdk_google_phone_x86_64
3
1639973650441,Walk,-122.08400000000002,37.421998333333335,5.0,20.0,0.0,-128,true,4,-120,2,100.0,1000.0,0.0,9.887660026550293,-47.745201110839844,-0.03125936910510063,-1.4874790906906128,-0.03168965503573418,1013.25,310,260,3,91,0,-1,0.0,0.0,0,0,0,,1,310,260,3,91,0,2147483647,0.0,0.0,628244920,4,1256489727,GSM
1639973651424,Walk,-122.08400000000002,37.421998333333335,5.0,20.0,0.0,-128,true,4,-120,2,100.0,1000.0,0.0,9.887660026550293,-47.745201110839844,0.027822813019156456,-1.4863917827606201,0.0282095056027174,1013.25,310,260,3,91,0,-1,0.0,0.0,0,0,0,,1,310,260,3,91,0,2147483647,0.0,0.0,628244920,4,1256489727,GSM
1639973652457,Walk,-122.08400000000002,37.421998333333335,5.0,20.0,0.0,-128,true,4,-120,2,100.0,1000.0,0.0,9.887660026550293,-47.745201110839844,-0.025452058762311935,-1.4890472888946533,-0.025797467678785324,1013.25,310,260,3,91,0,-1,0.0,0.0,0,0,0,,1,310,260,3,91,0,2147483647,0.0,0.0,628244920,4,1256489727,GSM
