IMEI:358240051111110
IMSI:310260000000000
OSVersion:3.10.0+
apiLevel:7.1.1
model:Android SDK built for x86_64
device:generic_x86_64
product:sdk_google_phone_x86_64
2
1639973666926,Walk,-122.08400000000002,37.421998333333335,5.0,20.0,0.0,-128,true,4,-120,2,100.0,1000.0,0.0,9.887660026550293,-47.745201110839844,0.049359314143657684,-1.4894168376922607,0.050026822835206985,1013.25,310,260,3,91,0,-1,0.0,0.0,0,0,0,,1,310,260,3,91,0,2147483647,0.0,0.0,628244920,4,1256489727,GSM
1639973667904,Walk,-122.08400000000002,37.421998333333335,5.0,20.0,0.0,-128,true,4,-120,2,100.0,1000.0,0.0,9.887660026550293,-47.745201110839844,-0.05003984272480011,-1.4869202375411987,-0.05073203518986702,1013.25,310,260,3,91,0,-1,0.0,0.0,0,0,0,,1,310,260,3,91,0,2147483647,0.0,0.0,628244920,4,1256489727,GSM
