IMEI:358240051111110
IMSI:310260000000000
OSVersion:3.10.0+
apiLevel:7.1.1
model:Android SDK built for x86_64
device:generic_x86_64
product:sdk_google_phone_x86_64
18
1639893435107,Walk,-122.08400000000002,37.421998333333335,5.0,20.0,0.0,-128,true,4,-120,2,100.0,1000.0,0.0,9.887660026550293,-47.745201110839844,0.0,-1.487892746925354,0.0,1013.25,310,260,3,91,0,-1,0.0,0.0,0,0,0,,1,310,260,3,91,0,2147483647,0.0,0.0,964686264,4,1929372415,GSM
1639893436089,Walk,-122.08400000000002,37.421998333333335,5.0,20.0,0.0,-128,true,4,-120,2,100.0,1000.0,0.0,9.887660026550293,-47.745201110839844,0.0,-1.487892746925354,0.0,1013.25,310,260,3,91,0,-1,0.0,0.0,0,0,0,,1,310,260,3,91,0,2147483647,0.0,0.0,964686264,4,1929372415,GSM
1639893437190,Walk,-122.08400000000002,37.421998333333335,5.0,20.0,0.0,-128,true,4,-120,2,100.0,1000.0,0.0,9.887660026550293,-47.745201110839844,0.0,-1.487892746925354,0.0,1013.25,310,260,3,91,0,-1,0.0,0.0,0,0,0,,1,310,260,3,91,0,2147483647,0.0,0.0,964686264,4,1929372415,GSM
1639893438170,Walk,-122.08400000000002,37.421998333333335,5.0,20.0,0.0,-128,true,4,-120,2,100.0,1000.0,0.0,9.887660026550293,-47.745201110839844,0.0,-1.487892746925354,0.0,1013.25,310,260,3,91,0,-1,0.0,0.0,0,0,0,,1,310,260,3,91,0,2147483647,0.0,0.0,964686264,4,1929372415,GSM
1639893439194,Walk,-122.08400000000002,37.421998333333335,5.0,20.0,0.0,-128,true,4,-120,2,100.0,1000.0,0.0,9.887660026550293,-47.745201110839844,0.0,-1.487892746925354,0.0,1013.25,310,260,3,91,0,-1,0.0,0.0,0,0,0,,1,310,260,3,91,0,2147483647,0.0,0.0,964686264,4,1929372415,GSM
1639893440220,Walk,-122.08400000000002,37.421998333333335,5.0,20.0,0.0,-128,true,4,-120,2,100.0,1000.0,0.0,9.887660026550293,-47.745201110839844,0.0,-1.487892746925354,0.0,1013.25,310,260,3,91,0,-1,0.0,0.0,0,0,0,,1,310,260,3,91,0,2147483647,0.0,0.0,964686264,4,1929372415,GSM
1639893441239,Walk,-122.08400000000002,37.421998333333335,5.0,20.0,0.0,-128,true,4,-120,2,100.0,1000.0,0.0,9.887660026550293,-47.745201110839844,0.0,-1.487892746925354,0.0,1013.25,310,260,3,91,0,-1,0.0,0.0,0,0,0,,1,310,260,3,91,0,2147483647,0.0,0.0,964686264,4,1929372415,GSM
1639893442261,Walk,-122.08400000000002,37.421998333333335,5.0,20.0,0.0,-128,true,4,-120,2,100.0,1000.0,0.0,9.887660026550293,-47.745201110839844,0.0,-1.487892746925354,0.0,1013.25,310,260,3,91,0,-1,0.0,0.0,0,0,0,,1,310,260,3,91,0,2147483647,0.0,0.0,964686264,4,1929372415,GSM
1639893443284,Walk,-122.08400000000002,37.421998333333335,5.0,20.0,0.0,-128,true,4,-120,2,100.0,1000.0,0.0,9.887660026550293,-47.745201110839844,0.0,-1.487892746925354,0.0,1013.25,310,260,3,91,0,-1,0.0,0.0,0,0,0,,1,310,260,3,91,0,2147483647,0.0,0.0,964686264,4,1929372415,GSM
1639893444330,Walk,-122.08400000000002,37.421998333333335,5.0,20.0,0.0,-128,true,4,-120,2,100.0,1000.0,0.0,9.887660026550293,-47.745201110839844,0.0,-1.487892746925354,0.0,1013.25,310,260,3,91,0,-1,0.0,0.0,0,0,0,,1,310,260,3,91,0,2147483647,0.0,0.0,964686264,4,1929372415,GSM
1639893445350,Walk,-122.08400000000002,37.421998333333335,5.0,20.0,0.0,-128,true,4,-120,2,100.0,1000.0,0.0,9.887660026550293,-47.745201110839844,0.0,-1.487892746925354,0.0,1013.25,310,260,3,91,0,-1,0.0,0.0,0,0,0,,1,310,260,3,91,0,2147483647,0.0,0.0,964686264,4,1929372415,GSM
1639893446371,Walk,-122.08400000000002,37.421998333333335,5.0,20.0,0.0,-128,true,4,-120,2,100.0,1000.0,0.0,9.887660026550293,-47.745201110839844,0.0,-1.487892746925354,0.0,1013.25,310,260,3,91,0,-1,0.0,0.0,0,0,0,,1,310,260,3,91,0,2147483647,0.0,0.0,964686264,4,1929372415,GSM
1639893447400,Walk,-122.08400000000002,37.421998333333335,5.0,20.0,0.0,-128,true,4,-120,2,100.0,1000.0,0.0,9.887660026550293,-47.745201110839844,0.0,-1.487892746925354,0.0,1013.25,310,260,3,91,0,-1,0.0,0.0,0,0,0,,1,310,260,3,91,0,2147483647,0.0,0.0,964686264,4,1929372415,GSM
1639893448429,Walk,-122.08400000000002,37.421998333333335,5.0,20.0,0.0,-128,true,4,-120,2,100.0,1000.0,0.0,9.887660026550293,-47.745201110839844,0.0,-1.487892746925354,0.0,1013.25,310,260,3,91,0,-1,0.0,0.0,0,0,0,,1,310,260,3,91,0,2147483647,0.0,0.0,964686264,4,1929372415,GSM
1639893449456,Walk,-122.08400000000002,37.421998333333335,5.0,20.0,0.0,-128,true,4,-120,2,100.0,1000.0,0.0,9.887660026550293,-47.745201110839844,0.0,-1.487892746925354,0.0,1013.25,310,260,3,91,0,-1,0.0,0.0,0,0,0,,1,310,260,3,91,0,2147483647,0.0,0.0,964686264,4,1929372415,GSM
1639893450476,Walk,-122.08400000000002,37.421998333333335,5.0,20.0,0.0,-128,true,4,-120,2,100.0,1000.0,0.0,9.887660026550293,-47.745201110839844,0.0,-1.487892746925354,0.0,1013.25,310,260,3,91,0,-1,0.0,0.0,0,0,0,,1,310,260,3,91,0,2147483647,0.0,0.0,964686264,4,1929372415,GSM
1639893451501,Walk,-122.08400000000002,37.421998333333335,5.0,20.0,0.0,-128,true,4,-120,2,100.0,1000.0,0.0,9.887660026550293,-47.745201110839844,0.0,-1.487892746925354,0.0,1013.25,310,260,3,91,0,-1,0.0,0.0,0,0,0,,1,310,260,3,91,0,2147483647,0.0,0.0,964686264,4,1929372415,GSM
1639893452526,Walk,-122.08400000000002,37.421998333333335,5.0,20.0,0.0,-128,true,4,-120,2,100.0,1000.0,0.0,9.887660026550293,-47.745201110839844,0.0,-1.487892746925354,0.0,1013.25,310,260,3,91,0,-1,0.0,0.0,0,0,0,,1,310,260,3,91,0,2147483647,0.0,0.0,964686264,4,1929372415,GSM
